-10.070961722296506
12.654107538019547
242.73735909656497
-6.475821677476094
-2.5606746822997435
10.559491856287163
6.967928494861623
0.4592225747318029
10.973290828911233
-22.048485713646148
55.352014120632404
7.281910933732026
20.495506347875754
10.445698018104451
8.370088576288085
2.612901493523423
-126.37454575914047
6.430909275941016
-167.91967913063584
-4.380249948134111
-2.0216440066307437
10.076284196458865
-8.261709008607669
-2.7624470107872385
55.04805849052294
7.56888051661445
-97.23009087610325
0.15669603844067495
6.5092709221004
8.703372585655714
-18.58619949237859
-1.4537342164458542
53.18333685972538
-5.894042808784721
-105.99089533297797
-0.6903537298847725
-1.415454797377413
6.504264566488521
21.437925164519807
-0.454540370026761
109.56837209859479
15.851604167741845
-67.86475681641302
20.303852161046425
-1.3266093682368683
6.213308809799192
-20.622250695238186
-7.012596925331433
100.90811443380998
-2.0559274696397516
-52.70751829535126
3.346110260825818
11.298013369768125
5.169409385856377
12.449399313919649
6.319536304985851
85.39302632756849
-27.974090188798733
-29.207598130891277
-5.462974292707663
-7.673261594093444
9.214649167946
-20.145883959248554
8.608857838775348
142.49031746498278
13.038527972752943
-70.68809983303514
0.9165156810172881
-7.463713878942573
13.071881017330197
5.499127425261976
2.572429599190842
86.6833315633703
0.7579685968342987
-218.25379120814128
-3.561050083598707
-0.15216260345443716
15.342533788997951
19.302861663783034
-9.852364255506728
-89.70482147445288
-5.744669992762916
-55.46675858667185
13.789644921528186
0.7511885864888396
14.886554540629373
-34.57092803202005
18.44229430881492
13.44993520186169
5.715530100982374
-4.69563375713123
-1.9062357448204572
-2.246382523282057
17.17829897436829
36.65953538361228
-0.13564693633593702
53.5576320880995
26.141371151724357
-59.44486012055642
-107.36382162998167
34.0207904257027
6.24973633659077
58.1028032098205
18.261682693423182
-7.93559751698817
-76.89662433327636
5.335440347701055
-1.6343238298268743
0.8335240026595588
0.36140528158041696
31.77262182109091
-33.324383722576705
10.507998816179066
